1000
-2519
888
3189
-5855
668
3106
3498
-3087
-5110
-3530
1930
-5568
-5797
-1321
1135
-1630
-5314
326
2470
-4728
-1380
-2878
-3462
3394
-2944
2281
3598
-768
918
-2702
-2563
-4120
1474
-908
-4123
369
2067
-5732
-3903
-62
-5666
-3353
3109
-2172
3755
2543
-4650
-2319
1404
-628
2176
1799
953
-2952
-5731
2685
2683
-1559
-600
-903
-946
-5398
2882
-2404
-345
2898
-5911
-1953
-3115
1333
-2134
-3136
-2497
297
2463
-5065
-605
3818
3586
-1914
-2669
-4055
-2417
-3265
-3721
-5663
-4532
-2074
-4091
2369
3461
-2655
-4643
3072
-4968
1095
2991
3105
-5956
-2951
1977
2627
-1421
3362
-1240
-2609
178
-2551
-1756
2685
3888
2075
-3596
-5116
281
-3426
-1656
-4811
1877
173
-2600
2014
2833
1405
-1210
2871
2606
2159
-475
-5954
1388
-2453
-5172
-3492
-2424
3009
124
-540
-4755
-1753
-3157
-1278
2695
3507
-290
-4219
1456
-2473
3013
-5289
-1127
-2033
3380
-1579
-3659
-5377
-2972
2735
-393
2819
149
-3354
-2859
-529
2142
-267
-2481
-2940
2686
3289
-2973
1468
-4624
-113
-5776
-1997
2528
-2710
-925
-3767
-1885
-3468
468
-1652
-1712
656
-2595
-2417
1942
223
-4060
3011
-3086
3984
-3861
-5527
960
-1666
652
-3273
524
-2903
-662
-4889
-5604
-5979
2354
-4151
3870
3928
-2417
2974
-4204
-5073
-3167
390
-56
3254
-627
1959
-2420
-5543
556
-5274
3801
-649
-2009
389
2251
983
-2431
-2047
-2880
-790
-2989
-3890
-5942
2838
-4980
-2601
-1481
-4606
107
-2614
-2623
-566
-5710
1229
-2782
-3863
3332
-3148
632
1365
-2911
-1346
31
-3203
516
-1790
-2976
-5135
-1542
-1309
-5728
-748
-5028
-2068
-4156
-1575
1081
971
1572
-1641
3154
-3330
703
1972
-2161
-5424
194
-2951
-1558
-2384
3430
1434
1978
3342
-4158
-5804
-4299
1527
-5074
-5960
-3126
-1329
3516
1823
-187
660
-3207
2222
-276
3254
-4516
784
3798
-3691
4
-3535
-3844
1750
2842
-3510
-5257
-2791
-593
-57
-4880
-3157
783
-1201
-1861
-1483
-4649
318
-4003
1685
42
2680
3859
3585
-3769
-3466
2330
2201
-399
-1271
-611
3276
-1763
951
-891
-4790
-1828
-4855
-1509
23
1083
-288
2985
860
-5485
-4705
-4020
-3617
1037
-3371
-2616
357
-894
-2577
1749
289
-5002
-1491
-3123
2431
2211
-4353
-261
1757
1947
2214
-2234
-5437
-4089
3818
-27
-1769
549
-3653
-5730
-2592
85
-3641
-5622
-1665
-5822
2886
2237
3418
-5058
2665
-497
-3763
-2827
-3353
-5193
3135
-4921
-5797
1829
1349
-1376
2894
-3098
-4893
2662
-4135
3831
609
2437
-4015
-1983
-2050
-266
-4281
1440
3042
-4983
-5639
-4837
-4514
2190
-268
-3909
-1142
-5688
-219
423
-1531
486
573
-2993
-2215
-3455
1109
13
-1153
-5421
2116
1888
3891
-599
-4467
-5740
-4940
3173
3705
-3328
-3396
2957
2547
422
-667
-193
825
-2488
143
2163
-1420
2773
458
778
1258
669
-3861
-2860
2574
-3175
-1978
2518
-1678
-1537
-3402
97
-4582
-2847
-3433
-1611
-4690
1921
-2999
166
-1463
705
670
-2527
-2280
3361
1729
-89
-461
29
-5600
398
2380
-5518
-3453
-164
-4779
3299
1129
-277
-4929
-1805
-4628
-336
-5173
607
2206
-5079
741
-5164
1070
-2326
-1117
-1620
-4582
-5476
2932
-4089
2481
1889
1474
-3625
-3244
434
1499
1055
2410
-583
-3683
-5849
1456
1969
232
-3627
3826
2693
-545
-3573
2773
-339
-1514
-5202
3963
3976
3968
-749
-520
1353
3413
1666
-1412
1822
-5481
1389
-4438
-4343
1915
1157
1119
-4127
2081
-2153
-1904
252
3880
1748
3871
-1281
1743
-5060
1766
-4857
856
1378
1106
-3852
-1116
-1169
1021
3340
-3278
-4543
-3856
-455
1611
1935
3321
-5941
-526
3402
-2745
-3243
-187
-5873
-522
-4065
-4269
1864
-438
186
3631
-1862
-454
333
2059
-4714
2666
3432
-3216
1088
-4753
-2745
-290
-3006
-3757
234
2499
-3458
2410
-1100
1873
-3547
-1691
2033
2495
-5993
-603
-1577
-4932
871
3424
2937
1795
-4694
-24
3919
-1257
1809
514
3357
-5231
-286
1667
179
-296
-51
2560
-3860
224
2285
2976
3246
475
3710
2896
1441
-4068
2290
-4471
-4668
3180
-142
-4692
-815
-4608
1161
-415
106
3052
-3232
-2314
331
2242
1876
3885
925
-1813
3528
1447
807
120
-5819
3334
-2988
-5392
521
1466
-5663
-1649
2578
466
-4853
-1709
-338
3709
2992
-3694
-3512
-794
-3099
-1801
-5043
344
-3251
1792
-5514
1863
3946
-3022
-3458
-5487
-4185
1309
-2937
2875
-3502
-1629
3869
-485
2050
2534
-5220
-4761
2394
2985
-3794
-378
-1746
1892
1265
-1866
-3092
-3498
1094
2248
-3407
2549
2951
-3299
-4242
-3083
3971
3712
-9
690
-29
-2539
-3567
-55
-5427
3297
2746
433
-4881
-4663
-4693
-5848
-1692
2862
-828
222
313
771
618
-47
3273
1707
1541
-3937
2442
-2088
3848
-956
-3945
-1060
1153
-559
3032
-2675
-5479
3397
1979
-1953
-1231
286
-1353
-761
-4015
-4595
-1990
920
3232
-2176
1417
-4214
2204
3273
-1096
1050
-430
-5335
1644
3199
-1900
-1718
-154
-1888
332
2001
-3146
-2526
-1528
2991
1173
-1322
-3503
-3760
-5747
-559
3068
2019
3397
288
-3310
-72
-4028
-2249
-2194
-533
3159
-1415
-3948
2345
-975
729
-5299
-383
3291
-245
-1501
-2419
-5603
589
-4448
-12
2659
3007
-1299
465
2169
-4026
-3099
-1636
3926
302
2540
3214
2103
1301
-3679
-2120
-70
3062
-2634
-1882
1586
3906
2564
-3219
1808
-1901
-4207
-5859
-4632
2426
-5381
1954
-5430
-2536
-607
-2215
3988
2434
-2806
-2169
-1762
-521
1003
1054
320
-2212
2701
-5246
-4738
642
-3003
1886
-3865
-1348
2243
3434
-2653
656
3255
-5104
3104
-287
663
-5426
-2642
-4702
1181
2781
-4835
-5488
3194
-4732
-5514
-5648
2496
1252
1634
-5583
3741
-3713
3314
-5651
-5858
2819
3029
3174
-2653
-3153
-32
-1679
-2945
-2696
3956
550
1855
-4052
993
-2697
-4871
-576
29
1006
-3649
1909
3157
814
3119
-3704
-1795
-4088
-3631
-5812
-5201
-3958
-5189
215
2449
251
-1546
-5923
1917
-2056
-4786
-5436
-829
-2680
-921
3403
-5332
-4980
3094
3182
-700
-2638
-4520
2810
2398
-2045
2626
-3909
-3535
-1343
-1566
3731
-2073
873
-4567
-3125
3152
1997
